aa -0.635801559738 0.491901270466 0.222606163714 0.275214323348 -0.47800950707
ae -0.6710670128 0.582261886497 -0.0908893202337 0.286141828628 -0.347134189098
ah -0.551180171902 0.649879464209 0.327394281888 0.408146988438 0.00928009252598
ao -0.453052757251 0.241488400039 -0.377060462437 -0.767943906277 0.0671871734246
aw -0.697883465241 0.399406232931 -0.555934866347 -0.195444695045 -0.0785565121259
ax -0.70952897627 0.684215020215 -0.0887192109291 0.0400429244914 -0.137636854644
ay -0.693851989517 0.691054466227 -0.00846585113326 0.0036641923338 -0.202306807622
b -0.666493844525 -0.46989828887 -0.533907591632 -0.00373743450157 0.223406061932
ch -0.658781384109 -0.241019229981 -0.0101530794746 0.391276486802 -0.595580762436
d -0.662687353607 -0.50130465218 0.26474137555 0.0428090606597 -0.487461286123
dh -0.822929692389 -0.492034954374 0.0219176620101 0.282315477004 0.0224925008337
eh -0.749570842634 0.637559145297 0.0307123259892 -0.163948372414 -0.0619642827515
er -0.606037976193 0.651214941297 0.198601110573 0.318954001477 0.25973643461
ey -0.63987792195 0.698419459013 -0.0133199316917 0.3146745164 -0.0597413794732
f -0.562206213566 -0.539597140217 0.260990070629 -0.529542079007 -0.210305656824
g -0.627609880048 -0.484193123021 0.469568875763 -0.242805758792 -0.30366641648
hh -0.663120351058 -0.295472429035 0.686927687344 -0.0307358932254 -0.0123733956969
ih -0.66220832107 0.265176081093 0.137563391744 -0.495722295764 -0.475917539346
iy -0.603384673425 0.550253337862 -0.469727410076 -0.115927164511 -0.314746330876
jh -0.542291456459 -0.531814481165 -0.272890598034 0.265188134454 0.527540812377
k -0.515710790073 -0.483529039579 0.297998927443 -0.15926118844 -0.621348985664
l -0.813707836265 0.0742445660858 0.457072055222 -0.212846994754 -0.279550701603
m -0.778425835995 -0.504902297111 -0.0363211337341 0.292909184482 -0.228061117067
n -0.86962238625 -0.0738204054886 -0.157790059654 0.444640631766 -0.125317431839
ng -0.432936473423 0.21131075461 -0.568518617131 -0.57734109589 -0.333732851153
ow -0.700682186944 0.560098795058 -0.304360843386 -0.0322040111017 -0.318843521742
oy -0.456288751918 0.52977628946 0.466772999905 0.37385804362 0.39177900375
p -0.626902270261 -0.5867383273 -0.212375940239 0.386985410146 -0.260519540842
pau -0.762470855725 -0.549909068063 0.233262305553 0.156198195742 0.193465840621
r -0.594914828937 0.158287259072 -0.234554066993 -0.743111145679 -0.117438089017
s -0.805893469019 -0.499369734753 -0.263978674091 0.176751828678 0.0154801579472
sh -0.466786328716 -0.475242738296 0.450497626666 -0.0422894039817 -0.592889836058
ssil -0.809464740971 -0.574283226348 -0.00738539067386 -0.0122020428443 0.121499692241
t -0.883589229655 -0.366883964004 0.277308765524 0.0874005492278 -0.0112793063458
th -0.42680512561 -0.235706270063 0.617317667421 -0.616869521617 -0.0259003821321
uh -0.487259864098 0.540789387864 -0.347586956969 -0.0291957720564 -0.590301259572
uw -0.370255852744 0.358779223601 -0.438691958091 -0.414762892447 0.608037154438
v -0.452414881599 -0.555991973169 -0.497721791573 0.382222973209 0.303928145495
w -0.569793438504 -0.526634305484 0.180280781387 0.382850391175 -0.467884775949
y -0.306102106603 -0.168494957538 0.49184369938 -0.514065607976 0.609702612503
z -0.649556443625 -0.0755457087287 -0.612808296255 0.435023398922 -0.0871200715629
zh -0.649556443625 -0.0755457087287 -0.612808296255 0.435023398922 -0.0871200715629
0 -0.762470855725 -0.549909068063 0.233262305553 0.156198195742 0.193465840621
