-0.418 0.285 -1.288 -0.273 -0.144 0.414 -0.120 0.140 -0.983 -0.667 -1.459 0.441 -1.076
-0.415 -0.488 -0.593 -0.273 -0.740 0.194 0.367 0.557 -0.868 -0.987 -0.303 0.441 -0.492
-0.415 -0.488 -0.593 -0.273 -0.740 1.283 -0.266 0.557 -0.868 -0.987 -0.303 0.396 -1.209
-0.415 -0.488 -1.307 -0.273 -0.835 1.016 -0.810 1.078 -0.753 -1.106 0.113 0.416 -1.362
-0.410 -0.488 -1.307 -0.273 -0.835 1.229 -0.511 1.078 -0.753 -1.106 0.113 0.441 -1.027
-0.415 -0.488 -1.307 -0.273 -0.835 0.207 -0.351 1.078 -0.753 -1.106 0.113 0.411 -1.043
-0.408 0.049 -0.477 -0.273 -0.265 -0.388 -0.070 0.839 -0.523 -0.578 -1.505 0.427 -0.031
-0.402 0.049 -0.477 -0.273 -0.265 -0.160 0.979 1.025 -0.523 -0.578 -1.505 0.441 0.911
-0.394 0.049 -0.477 -0.273 -0.265 -0.931 1.117 1.087 -0.523 -0.578 -1.505 0.328 2.422
-0.399 0.049 -0.477 -0.273 -0.265 -0.400 0.616 1.330 -0.523 -0.578 -1.505 0.329 0.623
-0.392 0.049 -0.477 -0.273 -0.265 0.132 0.915 1.213 -0.523 -0.578 -1.505 0.393 1.093
-0.405 0.049 -0.477 -0.273 -0.265 -0.393 0.509 1.156 -0.523 -0.578 -1.505 0.441 0.086
-0.408 0.049 -0.477 -0.273 -0.265 -0.564 -1.052 0.787 -0.523 -0.578 -1.505 0.371 0.429
-0.345 -0.488 -0.437 -0.273 -0.144 -0.478 -0.241 0.434 -0.638 -0.601 1.176 0.441 -0.616
-0.344 -0.488 -0.437 -0.273 -0.144 -0.269 0.566 0.317 -0.638 -0.601 1.176 0.256 -0.335
-0.345 -0.488 -0.437 -0.273 -0.144 -0.642 -0.429 0.334 -0.638 -0.601 1.176 0.427 -0.586
-0.296 -0.488 -0.437 -0.273 -0.144 -0.498 -1.397 0.334 -0.638 -0.601 1.176 0.331 -0.851
-0.327 -0.488 -0.437 -0.273 -0.144 -0.420 0.467 0.220 -0.638 -0.601 1.176 0.330 0.283
-0.325 -0.488 -0.437 -0.273 -0.144 -1.181 -1.137 0.001 -0.638 -0.601 1.176 -0.742 -0.135
-0.334 -0.488 -0.437 -0.273 -0.144 -0.794 0.033 0.001 -0.638 -0.601 1.176 0.376 -0.192
-0.273 -0.488 -0.437 -0.273 -0.144 -1.018 1.050 0.001 -0.638 -0.601 1.176 0.218 1.173
-0.319 -0.488 -0.437 -0.273 -0.144 -0.455 0.733 0.103 -0.638 -0.601 1.176 0.393 0.165
-0.275 -0.488 -0.437 -0.273 -0.144 -0.203 0.822 0.086 -0.638 -0.601 1.176 0.441 0.850
-0.303 -0.488 -0.437 -0.273 -0.144 -0.672 1.117 0.143 -0.638 -0.601 1.176 0.415 1.013
-0.331 -0.488 -0.437 -0.273 -0.144 -0.514 0.908 0.287 -0.638 -0.601 1.176 0.413 0.511
-0.321 -0.488 -0.437 -0.273 -0.144 -0.977 0.609 0.314 -0.638 -0.601 1.176 -0.584 0.541
-0.340 -0.488 -0.437 -0.273 -0.144 -0.672 0.773 0.422 -0.638 -0.601 1.176 0.222 0.302
-0.307 -0.488 -0.437 -0.273 -0.144 -0.339 0.719 0.313 -0.638 -0.601 1.176 -0.551 0.649
-0.328 -0.488 -0.437 -0.273 -0.144 0.300 0.918 0.314 -0.638 -0.601 1.176 0.343 0.021
-0.302 -0.488 -0.437 -0.273 -0.144 0.555 0.666 0.211 -0.638 -0.601 1.176 0.258 -0.094
-0.287 -0.488 -0.437 -0.273 -0.144 -0.814 0.908 0.208 -0.638 -0.601 1.176 0.038 1.394
-0.261 -0.488 -0.437 -0.273 -0.144 -0.303 1.117 0.181 -0.638 -0.601 1.176 0.220 0.054
-0.257 -0.488 -0.437 -0.273 -0.144 -0.477 0.477 0.093 -0.638 -0.601 1.176 -1.360 2.111
-0.284 -0.488 -0.437 -0.273 -0.144 -0.831 0.940 -0.004 -0.638 -0.601 1.176 0.023 0.799
-0.231 -0.488 -0.437 -0.273 -0.144 -0.269 1.007 -0.017 -0.638 -0.601 1.176 -1.188 1.078
-0.411 -0.488 -0.755 -0.273 -0.481 -0.501 -0.013 -0.207 -0.523 -0.768 0.344 0.441 -0.417
-0.407 -0.488 -0.755 -0.273 -0.481 -0.632 -0.255 -0.198 -0.523 -0.768 0.344 0.229 -0.174
-0.409 -0.488 -0.755 -0.273 -0.481 -0.619 -0.963 0.066 -0.523 -0.768 0.344 0.441 -0.544
-0.398 -0.488 -0.755 -0.273 -0.481 -0.454 -1.365 0.025 -0.523 -0.768 0.344 0.403 -0.354
-0.415 2.731 -1.195 -0.273 -1.094 0.442 -1.663 0.763 -0.753 -0.928 -0.072 0.427 -1.168
-0.415 2.731 -1.195 -0.273 -1.094 1.053 -1.877 0.763 -0.753 -0.928 -0.072 0.427 -1.496
-0.404 -0.488 -0.617 -0.273 -0.922 0.691 -2.335 0.915 -0.753 -1.041 -0.257 0.315 -1.095
-0.402 -0.488 -0.617 -0.273 -0.922 -0.165 -2.204 0.915 -0.753 -1.041 -0.257 0.293 -0.959
-0.400 -0.488 -0.617 -0.273 -0.922 -0.105 -2.207 0.915 -0.753 -1.041 -0.257 0.414 -0.731
-0.404 -0.488 -0.617 -0.273 -0.922 -0.307 -1.016 0.915 -0.753 -1.041 -0.257 0.359 -0.435
-0.398 -0.488 -0.617 -0.273 -0.922 -0.859 -1.237 0.621 -0.753 -1.041 -0.257 0.441 -0.342
-0.397 -0.488 -0.617 -0.273 -0.922 -0.710 -1.254 0.621 -0.753 -1.041 -0.257 0.441 0.210
-0.392 -0.488 -0.617 -0.273 -0.922 -0.363 0.602 0.901 -0.753 -1.041 -0.257 0.395 0.862
-0.389 -0.488 -0.617 -0.273 -0.922 -1.262 0.950 0.986 -0.753 -1.041 -0.257 0.441 2.545
-0.393 -0.488 -0.617 -0.273 -0.922 -0.973 -0.234 1.090 -0.753 -1.041 -0.257 0.441 0.497
-0.408 0.414 -0.802 -0.273 -0.999 -0.458 -0.813 1.435 -0.638 -0.981 -0.765 0.426 0.112
-0.413 0.414 -0.802 -0.273 -0.999 -0.242 -0.198 1.435 -0.638 -0.981 -0.765 0.409 -0.452
-0.412 0.414 -0.802 -0.273 -0.999 0.322 -1.688 1.435 -0.638 -0.981 -0.765 0.441 -1.034
-0.413 0.414 -0.802 -0.273 -0.999 -0.408 -1.678 1.435 -0.638 -0.981 -0.765 0.441 -0.592
-0.417 2.731 -1.041 -0.273 -1.250 -0.565 -0.746 1.676 -0.753 0.361 1.223 0.441 0.301
-0.417 3.375 -1.447 -0.273 -1.310 1.374 -1.660 2.330 -0.523 -1.082 -0.257 0.430 -1.099
-0.416 3.160 -1.517 -0.273 -1.250 0.140 -1.169 2.563 -0.868 -0.566 -0.534 0.441 -0.965
-0.417 3.804 -1.432 -0.273 -1.241 0.757 -0.998 2.153 -0.523 -0.904 -1.551 0.397 -1.220
-0.400 0.585 -0.876 -0.273 -0.878 -0.199 -1.400 1.911 -0.178 -0.738 0.575 0.373 -0.812
-0.406 0.585 -0.876 -0.273 -0.878 -0.510 -0.760 1.491 -0.178 -0.738 0.575 0.441 -0.481
-0.401 0.585 -0.876 -0.273 -0.878 -0.774 -0.084 1.631 -0.178 -0.738 0.575 0.421 0.070
-0.398 0.585 -0.876 -0.273 -0.878 -0.454 0.883 1.437 -0.178 -0.738 0.575 0.235 0.250
-0.406 0.585 -0.876 -0.273 -0.878 0.244 -0.028 1.631 -0.178 -0.738 0.575 0.441 -0.830
-0.404 0.585 -0.876 -0.273 -0.878 0.680 -0.895 1.990 -0.178 -0.738 0.575 0.427 -0.442
-0.416 0.263 -1.424 -0.273 -1.197 1.167 -0.323 2.580 -0.753 -1.142 0.067 0.401 -0.645
-0.414 2.946 -1.133 -0.273 -1.354 0.008 -1.806 1.339 -0.638 -0.423 -1.089 0.441 -1.119
-0.413 2.946 -1.133 -0.273 -1.354 -0.709 -1.333 1.339 -0.638 -0.423 -1.089 0.441 -0.338
-0.412 0.049 -0.739 -0.273 -1.259 -0.579 -1.678 1.285 -0.638 -0.376 0.206 0.433 -0.638
-0.403 0.049 -0.739 -0.273 -1.259 -0.984 -1.130 1.285 -0.638 -0.376 0.206 0.441 0.061
-0.404 0.049 -0.739 -0.273 -1.259 -0.569 -1.265 1.285 -0.638 -0.376 0.206 0.441 -0.542
-0.408 -0.488 -0.048 -0.273 -1.224 0.189 -2.204 0.709 -0.638 -0.613 0.344 0.297 -0.832
-0.400 -0.488 -0.048 -0.273 -1.224 -0.461 -1.816 0.709 -0.638 -0.613 0.344 0.222 -0.389
-0.408 -0.488 -0.048 -0.273 -1.224 -0.313 -2.161 0.709 -0.638 -0.613 0.344 0.375 -1.000
-0.396 -0.488 -0.048 -0.273 -1.224 -0.056 -2.218 0.709 -0.638 -0.613 0.344 0.225 -0.717
-0.409 -0.488 0.247 -0.273 -1.017 -0.017 -2.225 0.217 -0.523 -0.061 0.113 0.419 -0.823
-0.407 -0.488 0.247 -0.273 -1.017 0.002 -0.838 0.336 -0.523 -0.061 0.113 0.291 -0.520
-0.407 -0.488 0.247 -0.273 -1.017 -0.008 0.211 0.122 -0.523 -0.061 0.113 0.186 -0.096
-0.408 -0.488 0.247 -0.273 -1.017 -0.206 -0.810 0.140 -0.523 -0.061 0.113 0.332 -0.334
-0.412 -0.488 0.247 -0.273 -1.017 -0.075 -0.529 0.580 -0.523 -0.061 0.113 0.326 -0.044
-0.409 -0.488 0.247 -0.273 -1.017 -0.585 -1.137 0.336 -0.523 -0.061 0.113 0.432 -0.498
-0.414 0.585 -0.916 -0.273 -1.112 0.630 -1.247 0.763 -0.638 -0.756 0.252 0.441 -1.032
-0.413 0.585 -0.916 -0.273 -1.112 0.476 0.065 0.763 -0.638 -0.756 0.252 0.427 -0.762
-0.414 0.585 -0.916 -0.273 -1.112 0.025 -1.294 0.763 -0.638 -0.756 0.252 0.441 -0.832
-0.414 0.585 -0.916 -0.273 -1.112 -0.168 -0.778 0.763 -0.638 -0.756 0.252 0.372 -0.721
-0.413 -0.488 -0.970 -0.273 -0.913 0.149 -0.732 0.468 -0.753 -0.958 0.021 0.441 -0.425
-0.412 -0.488 -0.970 -0.273 -0.913 0.492 -0.444 0.305 -0.753 -0.958 0.021 0.391 -0.858
-0.412 -0.488 -0.970 -0.273 -0.913 -0.384 -0.835 0.301 -0.753 -0.958 0.021 0.431 0.029
-0.410 -0.488 -0.970 -0.273 -0.913 -0.233 -0.419 -0.023 -0.753 -0.958 0.021 0.422 -0.591
-0.412 -0.488 -1.127 -0.273 -0.567 1.029 0.630 -0.177 -0.868 -0.821 -0.303 0.441 -1.003
-0.412 -0.488 -1.127 -0.273 -0.567 1.132 -0.195 -0.181 -0.868 -0.821 -0.303 0.432 -0.975
-0.413 -0.488 -1.127 -0.273 -0.567 0.189 -0.088 -0.334 -0.868 -0.821 -0.303 0.389 -0.539
-0.414 -0.488 -1.127 -0.273 -0.567 0.171 0.189 -0.334 -0.868 -0.821 -0.303 0.404 -0.624
-0.414 0.714 0.570 -0.273 -0.783 0.224 -0.533 -0.061 -0.638 -0.821 -0.118 0.420 -0.630
-0.415 0.714 0.570 -0.273 -0.783 -0.105 -1.411 -0.061 -0.638 -0.821 -0.118 0.435 -0.903
-0.413 0.714 0.570 -0.273 -0.783 -0.051 0.310 -0.086 -0.638 -0.821 -0.118 0.441 -0.289
-0.404 -0.488 -1.203 -0.273 -0.948 0.485 -0.383 -0.143 -0.868 -0.785 -0.211 0.014 -0.841
-0.405 -0.488 -1.203 -0.273 -0.948 -0.173 0.036 -0.143 -0.868 -0.785 -0.211 0.385 -0.184
-0.404 -0.488 -1.203 -0.273 -0.948 2.542 0.264 -0.143 -0.868 -0.785 -0.211 0.441 -1.183
-0.409 -0.488 -1.203 -0.273 -0.948 2.187 -1.126 -0.143 -0.868 -0.785 -0.211 0.404 -1.273
-0.410 -0.488 -1.203 -0.273 -0.948 1.612 -0.216 -0.143 -0.868 -0.785 -0.211 0.441 -0.906
-0.401 -0.488 -0.376 -0.273 -0.300 0.630 0.403 -0.484 -0.523 -0.144 1.130 0.418 -0.453
-0.405 -0.488 -0.376 -0.273 -0.300 0.707 0.097 -0.446 -0.523 -0.144 1.130 0.427 -0.698
-0.392 -0.488 -0.376 -0.273 -0.300 0.171 0.598 -0.514 -0.523 -0.144 1.130 -3.134 -0.284
-0.394 -0.488 -0.376 -0.273 -0.300 -0.210 0.669 -0.514 -0.523 -0.144 1.130 0.414 0.110
-0.402 -0.488 -0.376 -0.273 -0.300 -0.168 0.762 -0.653 -0.523 -0.144 1.130 0.395 -0.045
-0.403 -0.488 -0.376 -0.273 -0.300 -0.618 1.000 -0.802 -0.523 -0.144 1.130 0.410 0.535
-0.399 -0.488 -0.376 -0.273 -0.300 -0.639 0.829 -0.753 -0.523 -0.144 1.130 0.428 0.842
-0.403 -0.488 -0.376 -0.273 -0.300 -0.225 0.591 -0.795 -0.523 -0.144 1.130 0.340 0.201
-0.404 -0.488 -0.376 -0.273 -0.300 0.270 1.014 -0.648 -0.523 -0.144 1.130 0.423 -0.054
-0.388 -0.488 -0.376 -0.273 -0.300 -0.079 0.805 -0.594 -0.523 -0.144 1.130 0.379 0.406
-0.406 -0.488 -0.376 -0.273 -0.300 -0.128 -0.504 -0.484 -0.523 -0.144 1.130 0.404 0.049
-0.407 -0.488 -0.164 -0.273 -0.066 0.613 0.463 -0.531 -0.408 0.141 -0.303 0.427 -0.349
-0.404 -0.488 -0.164 -0.273 -0.066 -0.529 0.865 -0.685 -0.408 0.141 -0.303 0.420 0.499
-0.393 -0.488 -0.164 -0.273 -0.066 -0.274 0.954 -0.593 -0.408 0.141 -0.303 0.441 0.622
-0.402 -0.488 -0.164 -0.273 -0.066 -0.044 0.556 -0.731 -0.408 0.141 -0.303 0.352 -0.309
-0.398 -0.488 -0.164 -0.273 -0.066 -0.508 0.698 -0.633 -0.408 0.141 -0.303 -0.129 0.436
-0.403 -0.488 -0.164 -0.273 -0.066 -0.155 0.140 -0.506 -0.408 0.141 -0.303 0.402 -0.086
-0.401 -0.488 -0.164 -0.273 -0.066 -0.376 0.499 -0.498 -0.408 0.141 -0.303 0.415 -0.330
-0.403 -0.488 -0.164 -0.273 -0.066 -0.588 0.161 -0.626 -0.408 0.141 -0.303 -0.198 0.381
-0.402 -0.488 -0.164 -0.273 -0.066 -0.789 -0.120 -0.492 -0.408 0.141 -0.303 0.382 0.134
-0.410 -0.488 2.118 -0.273 0.227 -0.591 0.040 -0.731 -0.868 -1.308 0.298 0.356 0.241
-0.410 -0.488 2.118 -0.273 0.227 -0.400 0.552 -0.759 -0.868 -1.308 0.298 0.230 0.227
-0.408 -0.488 2.118 -0.273 0.227 -0.461 0.865 -0.812 -0.868 -1.308 0.298 0.235 0.740
-0.401 -0.488 2.118 -0.273 0.227 -0.611 1.011 -0.880 -0.868 -1.308 0.298 0.150 1.788
-0.407 -0.488 2.118 -0.273 0.227 -0.578 0.968 -0.850 -0.868 -1.308 0.298 0.249 0.691
-0.399 -0.488 2.118 -0.273 0.227 -0.425 0.705 -0.857 -0.868 -1.308 0.298 0.311 0.302
-0.373 -0.488 2.118 -0.273 0.227 -0.957 0.961 -0.969 -0.868 -1.308 0.298 0.029 2.048
-0.388 -0.488 1.569 -0.273 0.599 -0.843 0.975 -0.954 -0.638 0.171 1.269 0.389 0.636
-0.381 -0.488 1.569 -0.273 0.599 0.209 1.075 -0.942 -0.638 0.171 1.269 0.441 0.384
-0.316 -0.488 1.569 -0.273 0.599 -0.923 0.929 -0.863 -0.638 0.171 1.269 0.441 0.797
-0.379 -0.488 1.569 -0.273 0.599 0.247 1.078 -0.797 -0.638 0.171 1.269 0.421 -0.007
-0.280 -0.488 1.569 -0.273 0.599 0.059 1.036 -0.724 -0.638 0.171 1.269 0.441 -0.055
-0.350 -0.488 1.569 -0.273 0.599 0.124 1.043 -0.698 -0.638 0.171 1.269 0.319 -0.215
-0.380 -0.488 1.569 -0.273 0.599 -0.659 0.954 -0.630 -0.638 0.171 1.269 0.351 0.333
-0.305 -0.488 1.569 -0.273 0.599 -0.752 1.061 -0.689 -0.638 0.171 1.269 -1.030 0.653
-0.354 -0.488 1.569 -0.273 0.599 0.072 1.053 -0.801 -0.638 0.171 1.269 0.417 0.604
-0.381 -0.488 1.569 -0.273 0.599 -0.488 0.886 -0.869 -0.638 0.171 1.269 0.237 0.595
-0.377 -0.488 1.569 -0.273 0.599 0.241 1.061 -0.925 -0.638 0.171 1.269 0.410 0.272
-0.389 -0.488 1.569 -0.273 0.599 -0.609 1.053 -1.011 -0.638 0.171 1.269 0.388 1.215
-0.355 -0.488 1.569 -0.273 0.599 -0.190 1.043 -1.011 -0.638 0.171 1.269 0.441 0.814
-0.385 -0.488 1.569 -0.273 0.599 -0.158 0.890 -1.038 -0.638 0.171 1.269 0.344 1.613
-0.229 -0.488 1.569 -0.273 0.599 -1.803 1.117 -1.120 -0.638 0.171 1.269 0.441 3.050
-0.032 -0.488 1.232 3.668 2.732 -1.256 1.117 -1.176 -0.523 -0.031 -1.736 0.441 1.986
0.059 -0.488 1.232 -0.273 2.732 -1.163 1.117 -1.133 -0.523 -0.031 -1.736 0.441 1.930
-0.095 -0.488 1.232 -0.273 2.732 -1.968 1.039 -1.164 -0.523 -0.031 -1.736 0.441 2.332
-0.141 -0.488 1.232 -0.273 2.732 -0.220 1.117 -1.129 -0.523 -0.031 -1.736 -2.015 2.123
-0.168 -0.488 1.232 -0.273 2.732 -0.935 1.117 -1.083 -0.523 -0.031 -1.736 -2.055 0.560
-0.143 -0.488 1.232 -0.273 2.732 -1.936 0.965 -1.110 -0.523 -0.031 -1.736 0.384 2.366
-0.147 -0.488 1.232 -0.273 2.732 -1.565 0.897 -1.077 -0.523 -0.031 -1.736 0.003 2.196
-0.100 -0.488 1.232 -0.273 2.732 -0.980 0.936 -1.079 -0.523 -0.031 -1.736 -0.053 1.233
-0.226 -0.488 1.232 -0.273 2.732 -0.232 1.021 -1.035 -0.523 -0.031 -1.736 0.177 0.203
-0.244 -0.488 1.232 -0.273 2.732 -1.255 1.117 -1.047 -0.523 -0.031 -1.736 -0.165 0.088
-0.287 -0.488 1.232 3.668 2.732 -1.813 0.691 -1.039 -0.523 -0.031 -1.736 -0.147 -0.075
-0.168 -0.488 1.232 -0.273 2.732 -0.820 1.064 -1.032 -0.523 -0.031 -1.736 -1.039 0.440
-0.254 -0.488 1.232 3.668 2.732 -0.222 0.975 -0.972 -0.523 -0.031 -1.736 -0.391 0.346
-0.007 -0.488 1.232 3.668 2.732 -0.189 0.499 -0.974 -0.523 -0.031 -1.736 -2.946 0.332
-0.134 -0.488 1.232 -0.273 2.732 -1.443 0.904 -0.979 -0.523 -0.031 -1.736 -2.939 0.489
-0.276 -0.488 1.232 -0.273 0.435 0.938 1.025 -0.912 -0.523 -0.031 -1.736 0.074 -1.130
-0.262 -0.488 1.232 -0.273 0.435 -0.311 1.117 -0.969 -0.523 -0.031 -1.736 -0.031 -0.872
-0.253 -0.488 1.232 -0.273 2.732 0.321 1.117 -0.965 -0.523 -0.031 -1.736 0.084 -0.738
-0.270 -0.488 1.232 3.668 0.435 -0.049 0.854 -0.949 -0.523 -0.031 -1.736 -0.195 -1.003
-0.248 -0.488 1.232 -0.273 0.435 1.716 0.790 -0.867 -0.523 -0.031 -1.736 0.195 -1.531
-0.205 -0.488 1.232 3.668 0.435 2.162 1.053 -0.834 -0.523 -0.031 -1.736 0.361 -1.504
-0.242 -0.488 1.232 3.668 0.435 2.978 0.901 -0.776 -0.523 -0.031 -1.736 0.348 -1.308
-0.157 -0.488 1.232 -0.273 0.435 -0.614 0.826 -0.653 -0.523 -0.031 -1.736 0.421 -0.142
-0.078 -0.488 1.232 -0.273 0.435 -0.262 0.869 -0.719 -0.523 -0.031 -1.736 -1.278 -0.399
-0.184 -0.488 1.232 -0.273 0.435 2.343 0.982 -0.831 -0.523 -0.031 -1.736 0.138 -1.255
-0.209 -0.488 1.232 -0.273 0.435 -0.581 0.378 -0.651 -0.523 -0.031 -1.736 -1.415 -0.072
-0.151 -0.488 1.232 -0.273 0.435 0.049 0.979 -0.806 -0.523 -0.031 -1.736 -0.653 -0.218
-0.133 -0.488 1.232 -0.273 0.435 0.167 0.947 -0.729 -0.523 -0.031 -1.736 -0.292 -0.187
-0.278 -0.488 1.232 -0.273 0.435 -0.584 0.925 -0.651 -0.523 -0.031 -1.736 -0.706 0.249
-0.149 -0.488 1.232 -0.273 0.435 -0.576 1.021 -0.669 -0.523 -0.031 -1.736 -0.094 -0.087
-0.402 -0.488 -1.034 -0.273 -0.386 -1.015 0.709 -0.570 -0.523 -0.667 -0.858 0.441 0.286
-0.408 -0.488 -1.034 -0.273 -0.386 0.187 0.552 -0.546 -0.523 -0.667 -0.858 0.426 -0.506
-0.409 -0.488 -1.034 -0.273 -0.386 -0.606 0.004 -0.520 -0.523 -0.667 -0.858 0.401 -0.422
-0.411 -0.488 -1.034 -0.273 -0.386 0.372 -1.262 -0.315 -0.523 -0.667 -0.858 0.376 -1.027
-0.410 -0.488 -1.034 -0.273 -0.386 -0.377 -0.760 -0.114 -0.523 -0.667 -0.858 0.401 -0.356
-0.412 -0.488 -1.034 -0.273 -0.386 0.043 0.172 -0.227 -0.523 -0.667 -0.858 0.427 -0.892
-0.411 -0.488 -1.034 -0.273 -0.386 0.820 0.207 -0.418 -0.523 -0.667 -0.858 0.379 -0.804
-0.412 -0.488 -1.266 -0.273 -0.576 0.991 -0.362 -0.459 -0.753 -1.278 -0.303 0.441 -1.067
-0.411 -0.488 -1.266 -0.273 -0.576 2.109 0.524 -0.501 -0.753 -1.278 -0.303 0.426 -0.714
-0.410 -0.488 -1.266 -0.273 -0.576 -0.200 -0.227 -0.569 -0.753 -1.278 -0.303 0.441 -0.449
-0.408 -0.488 -1.266 -0.273 -0.576 1.240 0.840 -0.520 -0.753 -1.278 -0.303 0.411 -1.098
-0.407 -0.488 -1.266 -0.273 -0.576 0.397 0.961 -0.451 -0.753 -1.278 -0.303 0.441 -0.977
-0.409 -0.488 -1.266 -0.273 -0.576 -0.970 0.755 -0.384 -0.753 -1.278 -0.303 0.376 0.186
-0.411 -0.488 -1.266 -0.273 -0.576 -0.188 0.008 -0.245 -0.753 -1.278 -0.303 0.334 0.070
-0.412 -0.488 -1.266 -0.273 -0.576 2.203 -0.533 -0.283 -0.753 -1.278 -0.303 0.394 -1.150
-0.409 1.444 -1.123 -0.273 -1.017 0.709 -0.977 -0.003 -0.523 -0.061 -1.505 0.408 -0.837
-0.404 1.444 -1.123 -0.273 -1.017 0.387 -1.404 0.367 -0.523 -0.061 -1.505 0.287 -1.134
-0.409 1.444 -1.123 -0.273 -1.017 1.283 -1.055 0.367 -0.523 -0.061 -1.505 0.441 -1.018
-0.408 1.444 -1.123 -0.273 -1.017 0.949 -1.674 1.276 -0.523 -0.061 -1.505 0.230 -1.059
-0.410 1.444 -1.123 -0.273 -1.017 0.647 -1.343 1.276 -0.523 -0.061 -1.505 0.362 -1.116
-0.408 1.444 -1.123 -0.273 -1.017 1.273 -1.503 1.276 -0.523 -0.061 -1.505 0.371 -1.371
-0.416 2.087 -1.197 -0.273 -1.328 0.734 -2.087 1.153 -0.983 -0.851 -1.320 0.402 -1.069
-0.417 2.087 -1.197 -0.273 -1.328 0.455 -1.770 1.153 -0.983 -0.851 -1.320 0.220 -1.160
-0.417 2.946 -1.558 -0.273 -1.146 2.266 -1.301 0.881 -0.638 -0.910 -1.875 0.412 -1.357
-0.414 2.946 -1.403 -0.273 -1.302 1.428 -1.226 1.670 -0.868 -0.471 -2.707 0.441 -1.202
-0.413 2.946 -1.403 -0.273 -1.302 1.172 -1.137 1.670 -0.868 -0.471 -2.707 -0.026 -0.567
-0.414 2.946 -1.403 -0.273 -1.302 1.410 -1.077 1.670 -0.868 -0.471 -2.707 0.390 -0.846
-0.415 3.590 -1.410 -0.273 -1.310 0.984 -1.894 1.834 -0.753 -0.037 -0.673 0.441 -1.134
-0.416 3.590 -1.410 -0.273 -1.310 1.211 -1.944 1.834 -0.753 -0.037 -0.673 0.303 -1.150
-0.414 3.053 -1.329 -0.273 -1.207 -0.175 -1.073 1.177 -0.868 -0.358 -1.736 0.407 -0.732
-0.416 3.053 -1.329 -0.273 -1.207 1.888 -1.880 1.177 -0.868 -0.358 -1.736 0.424 -1.338
-0.414 3.590 -1.234 -0.273 -1.197 2.234 -1.258 0.629 -0.638 -1.094 -1.736 0.396 -1.240
-0.416 3.590 -1.234 -0.273 -1.197 2.492 -1.304 0.629 -0.638 -1.094 -1.736 0.371 -1.370
-0.403 -0.488 -0.080 -0.273 -0.567 -0.561 -1.646 0.071 -0.638 -0.779 0.067 0.441 -0.250
-0.392 -0.488 -0.080 -0.273 -0.567 0.059 -0.572 0.266 -0.638 -0.779 0.067 0.419 -0.236
-0.389 -0.488 -0.080 -0.273 -0.567 -0.715 0.147 0.266 -0.638 -0.779 0.067 0.359 0.758
-0.403 -0.488 -0.080 3.668 -0.567 -0.314 -0.337 0.211 -0.638 -0.779 0.067 0.270 0.281
-0.368 -0.488 -0.080 3.668 -0.567 -1.340 1.117 0.038 -0.638 -0.779 0.067 0.441 1.463
-0.398 -0.488 -0.080 3.668 -0.567 -0.462 0.837 0.039 -0.638 -0.779 0.067 0.401 0.647
-0.375 -0.488 -0.080 3.668 -0.567 -1.255 0.712 -0.062 -0.638 -0.779 0.067 0.423 1.588
-0.393 -0.488 -0.080 3.668 -0.567 -0.680 -0.525 -0.068 -0.638 -0.779 0.067 0.376 0.473
-0.402 -0.488 -0.080 -0.273 -0.567 0.129 -1.290 0.071 -0.638 -0.779 0.067 0.319 -0.459
-0.385 -0.488 -0.080 -0.273 -0.567 -1.243 -2.090 -0.099 -0.638 -0.779 0.067 -0.085 2.369
-0.395 -0.488 -0.080 -0.273 -0.567 -0.146 -0.931 0.071 -0.638 -0.779 0.067 0.405 -0.446
-0.413 -0.488 0.402 3.668 -0.041 -0.565 -0.447 -0.325 -0.523 -0.785 -0.950 0.396 0.120
-0.410 -0.488 0.402 -0.273 -0.041 0.509 0.588 -0.178 -0.523 -0.785 -0.950 0.396 -0.415
-0.406 -0.488 0.402 3.668 -0.041 -0.475 0.897 -0.431 -0.523 -0.785 -0.950 0.441 0.738
-0.405 -0.488 0.402 3.668 -0.041 0.126 0.847 -0.205 -0.523 -0.785 -0.950 0.406 -0.302
-0.377 -0.488 -0.720 3.668 -0.412 0.949 0.709 -0.444 -0.178 -0.601 -0.488 0.384 -0.413
-0.371 -0.488 -0.720 3.668 -0.412 -0.172 0.808 -0.355 -0.178 -0.601 -0.488 0.423 1.235
-0.346 -0.488 -0.720 3.668 -0.412 0.847 0.324 -0.249 -0.178 -0.601 -0.488 0.370 -0.382
-0.347 -0.488 -0.720 -0.273 -0.412 0.475 0.435 -0.249 -0.178 -0.601 -0.488 0.441 -0.708
-0.382 -0.488 -0.720 -0.273 -0.438 2.823 0.346 -0.428 -0.178 -0.601 -0.488 0.311 -1.193
-0.357 -0.488 -0.720 -0.273 -0.438 3.477 0.513 -0.428 -0.178 -0.601 -0.488 0.278 -1.125
-0.374 -0.488 -0.720 -0.273 -0.438 2.501 0.637 -0.275 -0.178 -0.601 -0.488 0.337 -1.335
-0.370 -0.488 -0.720 -0.273 -0.438 1.251 0.403 -0.275 -0.178 -0.601 -0.488 0.169 -0.882
-0.384 -0.488 -0.720 -0.273 -0.438 1.996 -1.834 -0.200 -0.178 -0.601 -0.488 0.228 -1.224
-0.367 -0.488 -0.720 -0.273 -0.438 0.381 -1.678 -0.200 -0.178 -0.601 -0.488 0.259 -1.247
-0.356 -0.488 -0.720 -0.273 -0.438 -0.433 -0.017 -0.059 -0.178 -0.601 -0.488 0.238 -0.141
-0.365 -0.488 -0.720 -0.273 -0.438 1.606 0.296 -0.059 -0.178 -0.601 -0.488 0.213 -1.038
-0.351 -0.488 -0.720 -0.273 -0.412 2.924 0.168 0.021 -0.178 -0.601 -0.488 0.321 -1.427
-0.380 -0.488 -0.720 -0.273 -0.412 2.796 0.065 -0.068 -0.178 -0.601 -0.488 0.244 -1.220
-0.366 -0.488 -0.720 3.668 -0.412 0.629 -0.074 -0.068 -0.178 -0.601 -0.488 0.039 -0.645
-0.380 -0.488 -0.720 -0.273 -0.412 -0.283 -0.252 -0.068 -0.178 -0.601 -0.488 0.220 -0.249
-0.358 -0.488 -0.720 3.668 -0.412 0.493 0.282 0.168 -0.178 -0.601 -0.488 0.348 -0.436
-0.359 -0.488 -0.720 -0.273 -0.412 1.529 0.108 0.168 -0.178 -0.601 -0.488 0.366 -1.111
-0.409 0.800 -0.906 -0.273 -1.094 0.280 -1.781 1.138 -0.408 -0.643 -0.858 0.249 -0.882
-0.408 0.800 -0.906 -0.273 -1.094 0.458 -0.938 1.138 -0.408 -0.643 -0.858 0.297 -0.741
-0.405 0.800 -0.906 -0.273 -1.094 0.872 -0.508 1.208 -0.408 -0.643 -0.858 0.379 -0.178
-0.406 0.800 -0.906 -0.273 -1.094 -0.270 -0.124 1.208 -0.408 -0.643 -0.858 0.416 -0.035
-0.406 0.800 -0.906 -0.273 -1.094 0.105 -0.557 1.540 -0.408 -0.643 -0.858 0.176 -0.201
-0.404 0.800 -0.906 -0.273 -1.094 0.154 -2.161 1.540 -0.408 -0.643 -0.858 0.198 -1.046
-0.394 0.457 -0.770 -0.273 -1.069 -0.985 0.282 1.977 -0.293 -0.465 0.298 0.173 -0.021
-0.396 0.457 -0.770 -0.273 -1.069 -0.968 0.058 1.977 -0.293 -0.465 0.298 0.356 0.814
-0.379 0.457 -0.770 -0.273 -1.069 -0.252 -1.197 2.025 -0.293 -0.465 0.298 0.367 -0.490
-0.396 0.457 -0.770 -0.273 -1.069 -0.084 0.378 2.025 -0.293 -0.465 0.298 0.213 -0.351
-0.399 0.457 -0.770 -0.273 -1.069 0.211 -0.693 1.916 -0.293 -0.465 0.298 0.198 -0.439
-0.396 0.457 -0.770 -0.273 -1.069 0.617 -1.816 1.916 -0.293 -0.465 0.298 0.406 -0.854
-0.402 0.457 -0.770 -0.273 -1.069 0.288 -1.976 1.712 -0.293 -0.465 0.298 0.434 -0.947
-0.394 0.457 -0.770 -0.273 -1.069 0.218 -2.122 1.712 -0.293 -0.465 0.298 0.224 -1.270
-0.409 0.457 -0.770 -0.273 -1.069 0.958 -2.197 2.430 -0.293 -0.465 0.298 0.323 -1.279
-0.375 0.457 -0.770 -0.273 -1.069 2.813 -2.140 2.430 -0.293 -0.465 0.298 0.441 -1.277
-0.413 2.946 -1.094 -0.273 -1.405 -0.252 -1.301 2.579 -0.983 -0.554 -0.950 0.397 -0.853
-0.414 2.946 -1.094 -0.273 -1.405 -0.582 -1.759 2.579 -0.983 -0.554 -0.950 0.422 -0.477
-0.417 3.375 -1.078 -0.273 -1.388 1.666 -1.222 1.208 -0.753 -0.975 -1.182 0.325 -1.338
-0.347 0.371 -1.046 -0.273 0.797 3.447 0.652 -0.948 -0.523 -0.857 -2.522 0.362 -1.056
-0.341 0.371 -1.046 -0.273 0.797 1.494 1.117 -0.903 -0.523 -0.857 -2.522 0.292 -0.682
-0.342 0.371 -1.046 -0.273 0.797 0.794 1.117 -0.848 -0.523 -0.857 -2.522 0.387 -0.806
-0.356 0.371 -1.046 -0.273 0.797 1.308 0.470 -0.800 -0.523 -0.857 -2.522 0.396 -0.429
-0.356 0.371 -1.046 -0.273 0.797 1.760 0.741 -0.787 -0.523 -0.857 -2.522 0.348 -0.756
-0.358 0.371 -1.046 -0.273 0.797 3.011 0.815 -0.716 -0.523 -0.857 -2.522 0.331 -0.945
-0.322 0.371 -1.046 -0.273 0.797 1.485 0.922 -0.816 -0.523 -0.857 -2.522 0.403 -0.197
-0.354 0.371 -1.046 -0.273 0.797 1.313 0.819 -0.887 -0.523 -0.857 -2.522 0.342 -0.638
-0.330 0.371 -1.046 -0.273 0.797 -1.032 -0.205 -0.860 -0.523 -0.857 -2.522 0.392 -0.309
-0.327 0.371 -1.046 -0.273 0.797 1.039 0.570 -0.790 -0.523 -0.857 -2.522 0.300 0.300
-0.351 0.371 -1.046 -0.273 0.175 2.867 -0.056 -0.653 -0.523 -0.857 -2.522 0.306 -0.731
-0.356 0.371 -1.046 -0.273 0.175 1.689 -0.568 -0.439 -0.523 -0.857 -2.522 0.369 -1.331
-0.408 0.371 -0.609 3.668 -0.783 -0.519 -0.252 0.058 -0.753 -1.100 0.067 0.380 0.140
-0.384 0.371 -0.609 -0.273 -0.783 -0.611 -0.941 0.301 -0.753 -1.100 0.067 0.351 0.049
-0.400 0.371 -0.609 -0.273 -0.783 -0.064 -1.859 0.301 -0.753 -1.100 0.067 0.441 -0.850
-0.405 0.371 -0.609 -0.273 -0.783 0.361 -0.351 0.058 -0.753 -1.100 0.067 0.420 -0.690
-0.393 0.371 -0.609 3.668 -0.783 2.004 -0.597 0.272 -0.753 -1.100 0.067 0.374 -0.851
-0.412 1.229 -0.690 3.668 -0.930 0.674 -1.269 0.134 -0.638 -0.916 -0.396 0.441 -1.279
-0.407 1.229 -0.690 -0.273 -0.930 0.811 -0.917 0.224 -0.638 -0.916 -0.396 0.441 -1.356
-0.406 1.229 -0.690 3.668 -0.930 1.400 -0.696 0.472 -0.638 -0.916 -0.396 0.357 -0.926
-0.411 1.229 -0.690 3.668 -0.930 0.771 -1.457 0.508 -0.638 -0.916 -0.396 0.403 -1.191
-0.409 1.229 -0.690 -0.273 -0.930 0.281 -1.297 0.164 -0.638 -0.916 -0.396 0.441 -0.766
-0.394 0.371 -1.139 -0.273 -0.966 0.751 -1.294 0.145 -0.523 -1.142 -1.644 0.441 -1.094
-0.414 0.371 -1.139 -0.273 -0.966 2.187 -0.145 0.428 -0.523 -1.142 -1.644 0.336 -1.247
-0.414 0.371 -1.139 -0.273 -0.966 0.974 -1.116 0.689 -0.523 -1.142 -1.644 0.390 -1.130
-0.411 0.371 -1.139 3.668 -0.966 1.938 -0.671 0.674 -0.523 -1.142 -1.644 0.224 -1.352
-0.417 3.375 -1.448 3.668 -1.328 2.334 -1.557 0.994 -0.983 -1.249 -2.245 0.426 -1.331
-0.417 3.375 -1.192 -0.273 -1.336 1.145 -1.699 1.670 -0.983 -0.732 -1.459 0.417 -0.673
-0.417 1.873 -1.297 -0.273 -1.431 0.240 -1.304 1.670 -0.983 -0.643 -1.459 0.417 -0.620
-0.416 2.946 -1.368 -0.273 -1.466 -0.078 -1.318 2.517 -0.983 -0.993 -0.118 -0.165 0.039
-0.414 1.766 -0.849 -0.273 -1.293 -0.108 -1.326 1.674 -0.408 -0.684 -0.858 0.441 -0.773
-0.413 1.766 -0.849 -0.273 -1.293 0.043 -0.817 1.674 -0.408 -0.684 -0.858 0.441 -0.708
-0.413 1.766 -0.849 -0.273 -1.293 0.399 -1.624 1.674 -0.408 -0.684 -0.858 0.165 -0.441
-0.414 2.946 -0.903 -0.273 -1.241 0.821 -1.446 0.628 -0.638 -0.970 0.344 0.441 -1.307
-0.409 2.946 -0.903 -0.273 -1.241 1.230 -1.454 0.628 -0.638 -0.970 0.344 0.441 -1.275
-0.414 2.946 -0.903 -0.273 -1.241 0.492 -1.606 0.628 -0.638 -0.970 0.344 0.441 -1.115
-0.409 -0.488 0.406 -0.273 -1.017 -0.225 -1.784 0.812 -0.638 -0.708 -1.135 0.441 -0.571
-0.409 -0.488 0.406 -0.273 -1.017 -0.393 -0.934 0.812 -0.638 -0.708 -1.135 0.441 -0.316
-0.403 -0.488 0.406 -0.273 -1.017 0.560 -1.333 1.029 -0.638 -0.708 -1.135 0.441 -0.895
-0.412 -0.488 0.406 -0.273 -1.017 0.377 -0.625 1.029 -0.638 -0.708 -1.135 0.397 -0.738
-0.402 -0.488 0.406 -0.273 -1.017 -0.705 -0.376 1.200 -0.638 -0.708 -1.135 0.441 0.447
-0.411 2.517 -1.298 -0.273 -1.336 0.086 -1.724 1.917 -0.523 -0.298 -1.690 0.127 -1.077
-0.412 2.517 -1.298 -0.273 -1.336 1.078 -2.083 1.917 -0.523 -0.298 -1.690 0.163 -1.109
-0.413 2.517 -1.298 -0.273 -1.336 0.835 -0.753 1.917 -0.523 -0.298 -1.690 0.375 -0.923
-0.414 0.972 -0.736 -0.273 -1.051 0.435 -1.002 0.807 -0.293 -0.471 -1.089 0.428 -0.442
-0.408 0.972 -0.736 -0.273 -1.051 0.300 -1.784 0.807 -0.293 -0.471 -1.089 0.295 -0.558
-0.407 0.972 -0.736 -0.273 -1.051 0.994 -1.809 0.807 -0.293 -0.471 -1.089 0.370 -1.092
-0.412 0.929 -1.307 -0.273 -0.714 1.355 -0.977 0.108 -0.293 -1.106 -0.026 0.406 -0.802
-0.412 0.929 -1.307 -0.273 -0.714 0.472 -0.372 -0.202 -0.293 -1.106 -0.026 0.402 -0.522
-0.410 0.929 -1.307 -0.273 -0.714 1.618 0.118 -0.331 -0.293 -1.106 -0.026 0.441 -0.867
-0.413 0.929 -1.307 -0.273 -0.714 0.804 0.061 -0.291 -0.293 -1.106 -0.026 0.441 -0.718
-0.361 -0.488 -0.180 -0.273 -0.092 0.499 0.495 -0.227 -0.638 -0.619 -0.026 0.441 -1.137
-0.378 -0.488 -0.180 -0.273 -0.092 -0.445 0.289 -0.329 -0.638 -0.619 -0.026 0.434 -0.376
-0.112 -0.488 -0.180 -0.273 -0.092 -1.869 -1.094 -0.606 -0.638 -0.619 -0.026 -0.068 -0.002
-0.326 -0.488 -0.180 -0.273 -0.092 -0.232 -0.561 -0.549 -0.638 -0.619 -0.026 0.441 -0.935
-0.388 -0.488 -0.180 -0.273 -0.092 -0.373 0.776 -0.457 -0.638 -0.619 -0.026 0.434 -0.131
-0.387 -0.488 -0.180 -0.273 -0.092 -0.027 0.506 -0.253 -0.638 -0.619 -0.026 0.403 -0.666
-0.375 -0.488 -0.180 -0.273 -0.092 0.402 0.666 -0.092 -0.638 -0.619 -0.026 0.428 -0.473
-0.389 -0.488 -0.180 -0.273 -0.092 -0.826 0.324 0.071 -0.638 -0.619 -0.026 0.436 -0.162
-0.381 -0.488 -0.180 -0.273 -0.092 -0.528 0.520 0.097 -0.638 -0.619 -0.026 0.373 0.796
-0.390 -0.488 -0.180 -0.273 -0.092 -0.716 0.111 0.112 -0.638 -0.619 -0.026 0.441 0.461
-0.372 -0.488 -0.180 -0.273 -0.092 0.139 -0.049 -0.125 -0.638 -0.619 -0.026 0.423 -0.321
-0.363 -0.488 -0.180 -0.273 -0.092 -0.245 -0.348 0.098 -0.638 -0.619 -0.026 0.434 0.011
-0.399 -0.488 -0.548 -0.273 -0.533 0.201 -0.579 0.354 -0.523 -0.720 0.529 0.441 -0.764
-0.397 -0.488 -0.548 -0.273 -0.533 0.130 -0.508 0.354 -0.523 -0.720 0.529 0.441 -0.811
-0.378 -0.488 -0.548 -0.273 -0.533 -0.347 -0.664 0.440 -0.523 -0.720 0.529 0.441 -0.694
-0.385 -0.488 -0.548 -0.273 -0.533 -0.822 0.204 0.440 -0.523 -0.720 0.529 0.378 -0.128
-0.379 -0.488 -0.548 -0.273 -0.533 0.186 -1.013 0.440 -0.523 -0.720 0.529 0.441 -0.916
-0.396 -0.488 -0.548 -0.273 -0.533 0.209 -1.916 0.771 -0.523 -0.720 0.529 0.406 -1.062
-0.383 -0.488 -0.548 -0.273 -0.533 0.039 -1.411 0.771 -0.523 -0.720 0.529 0.441 -0.912
-0.390 -0.488 -0.548 -0.273 -0.533 -0.287 -0.885 0.771 -0.523 -0.720 0.529 0.441 0.019
-0.411 -0.488 -1.152 -0.273 -0.818 -0.594 -1.521 0.675 -0.638 0.129 -0.719 0.283 -0.376
-0.411 -0.488 -1.152 -0.273 -0.818 0.069 -1.827 0.675 -0.638 0.129 -0.719 0.203 -0.745
-0.413 -0.488 -1.152 -0.273 -0.818 -0.200 -1.294 0.988 -0.638 0.129 -0.719 0.130 -0.499
-0.413 1.014 -0.741 -0.273 -1.009 -0.824 -1.429 1.353 -0.983 -0.619 -0.719 0.409 -0.031
-0.414 1.014 -0.741 -0.273 -1.009 -0.361 -1.610 1.353 -0.983 -0.619 -0.719 0.061 -0.676
-0.413 -0.488 -0.868 -0.273 -0.343 0.045 -1.084 1.266 -0.523 -1.094 0.807 0.362 -0.977
-0.414 -0.488 -0.868 -0.273 -0.343 0.036 -1.069 1.266 -0.523 -1.094 0.807 0.359 -0.827
-0.414 -0.488 -0.868 -0.273 -0.343 -0.353 -1.212 1.041 -0.523 -1.094 0.807 0.441 -0.651
-0.414 -0.488 -0.868 -0.273 -0.343 -0.592 -0.792 0.683 -0.523 -1.094 0.807 0.441 -0.400
-0.415 -0.488 -0.868 -0.273 -0.343 -0.555 -0.319 0.865 -0.523 -1.094 0.807 0.418 -0.293
-0.415 -0.488 -0.868 -0.273 -0.343 -0.321 -1.112 0.484 -0.523 -1.094 0.807 0.433 -0.581
-0.412 -0.488 -0.868 -0.273 -0.343 -0.427 -0.824 0.484 -0.523 -1.094 0.807 0.441 -0.408
-0.411 -0.488 -0.868 -0.273 -0.343 -0.451 -0.358 0.484 -0.523 -1.094 0.807 0.441 -0.471
-0.417 1.014 -1.403 -0.273 -0.973 1.362 -0.685 1.542 -0.983 -0.738 -1.367 0.417 -1.004
-0.416 -0.488 -1.349 -0.273 -0.317 0.364 -0.316 1.175 -0.983 0.082 -1.182 0.365 -0.561
-0.415 1.873 -1.073 -0.273 -0.611 0.586 -0.433 0.921 -0.523 -0.227 -0.396 0.441 -0.767
-0.415 1.873 -1.073 -0.273 -0.611 0.840 -1.439 1.269 -0.523 -0.227 -0.396 0.343 -1.127
-0.415 -0.488 -0.984 -0.273 -0.973 -0.386 -0.714 2.005 -0.753 -0.334 0.159 0.318 -0.298
-0.411 -0.488 -0.984 -0.273 -0.973 -0.551 -0.579 2.005 -0.753 -0.334 0.159 0.087 0.002
-0.416 3.160 -1.019 -0.273 -1.086 0.330 -1.454 2.253 -0.638 -0.340 -0.257 0.392 -0.882
-0.417 2.946 -1.332 -0.273 -1.034 0.499 -1.382 2.162 -0.638 -0.762 -0.673 0.376 -0.934
-0.415 1.229 -1.443 -0.273 -1.086 0.932 -1.212 2.375 -0.983 -0.435 0.575 0.364 -0.948
-0.411 1.229 -1.443 -0.273 -1.086 0.293 -0.860 2.375 -0.983 -0.435 0.575 0.441 -0.935
-0.409 2.087 -1.378 -0.273 -1.241 0.419 -1.162 3.287 -0.638 0.016 -0.072 0.155 -1.004
-0.410 2.087 -1.378 -0.273 -1.241 -0.571 -1.781 3.287 -0.638 0.016 -0.072 0.391 -0.682
-0.416 3.375 -1.330 -0.273 -1.250 0.632 -1.155 3.961 -0.523 -1.314 -0.673 0.305 -1.143
-0.413 2.946 -1.346 -0.273 -1.224 -0.886 -1.660 3.228 -0.638 -0.441 1.639 0.286 -0.645
-0.406 2.946 -1.346 -0.273 -1.224 -0.497 -1.745 3.228 -0.638 -0.441 1.639 0.212 -0.993
0.628 -0.488 1.016 3.668 1.860 -0.103 1.025 -0.795 1.661 1.531 0.807 0.231 0.693
0.030 -0.488 1.016 3.668 1.860 0.157 0.797 -0.613 1.661 1.531 0.807 0.380 0.086
0.187 -0.488 1.016 3.668 1.860 -0.225 0.527 -0.510 1.661 1.531 0.807 0.425 -0.164
0.078 -0.488 1.016 -0.273 1.860 -0.246 0.453 -0.611 1.661 1.531 0.807 0.374 0.002
0.110 -0.488 1.016 -0.273 1.860 0.162 0.691 -0.607 1.661 1.531 0.807 0.196 -0.682
0.028 -0.488 1.016 -0.273 1.860 -0.048 0.801 -0.713 1.661 1.531 0.807 -0.066 0.215
0.010 -0.488 1.016 -0.273 1.860 -1.314 0.982 -0.804 1.661 1.531 0.807 0.264 -0.345
0.073 -0.488 1.016 3.668 1.860 -0.686 0.726 -0.899 1.661 1.531 0.807 -0.040 0.279
-0.014 -0.488 1.016 3.668 1.411 3.555 0.509 -0.899 1.661 1.531 0.807 -0.023 -1.032
0.112 -0.488 1.016 -0.273 1.411 -3.880 0.687 -1.037 1.661 1.531 0.807 -0.022 -0.776
0.012 -0.488 1.016 -0.273 1.411 -1.883 0.812 -0.971 1.661 1.531 0.807 -0.446 0.189
1.156 -0.488 1.016 -0.273 0.659 -3.450 1.117 -1.086 1.661 1.531 0.807 -2.470 0.095
0.152 -0.488 1.016 -0.273 0.659 -1.873 1.117 -1.171 1.661 1.531 0.807 0.207 -1.317
0.242 -0.488 1.016 3.668 0.659 0.568 1.004 -1.159 1.661 1.531 0.807 0.205 -1.251
0.343 -0.488 1.016 3.668 0.659 1.042 1.029 -1.232 1.661 1.531 0.807 0.388 -1.359
0.657 -0.488 1.016 -0.273 0.659 -0.098 1.117 -1.248 1.661 1.531 0.807 0.104 -0.438
0.544 -0.488 1.016 3.668 0.979 -0.584 0.748 -1.267 1.661 1.531 0.807 -0.096 -0.529
0.875 -0.488 1.016 -0.273 0.979 -1.964 1.117 -1.246 1.661 1.531 0.807 0.441 3.100
1.735 -0.488 1.016 -0.273 0.979 -3.058 1.117 -1.264 1.661 1.531 0.807 0.441 3.549
1.865 -0.488 1.016 -0.273 1.005 1.465 1.043 -1.178 1.661 1.531 0.807 0.441 0.110
1.362 -0.488 1.016 -0.273 1.005 0.519 0.879 -1.165 1.661 1.531 0.807 0.070 1.484
0.725 -0.488 1.016 -0.273 1.005 0.726 1.075 -1.158 1.661 1.531 0.807 0.441 1.204
2.335 -0.488 1.016 -0.273 1.005 0.136 0.982 -1.145 1.661 1.531 0.807 0.441 1.547
1.662 -0.488 1.016 -0.273 1.005 -0.088 1.117 -1.145 1.661 1.531 0.807 0.406 1.279
9.942 -0.488 1.016 -0.273 1.005 0.974 0.829 -1.131 1.661 1.531 0.807 0.441 0.639
1.430 -0.488 1.016 -0.273 1.005 0.371 1.085 -1.082 1.661 1.531 0.807 0.441 1.181
0.651 -0.488 1.016 -0.273 1.255 -1.067 1.117 -1.053 1.661 1.531 0.807 0.441 1.534
0.512 -0.488 1.016 -0.273 1.255 -1.089 1.117 -1.075 1.661 1.531 0.807 0.441 1.669
1.920 -0.488 1.016 -0.273 1.255 -2.731 0.805 -1.120 1.661 1.531 0.807 -0.777 2.520
1.539 -0.488 1.016 -0.273 1.255 -1.436 1.050 -1.126 1.661 1.531 0.807 0.441 2.545
2.422 -0.488 1.016 -0.273 1.255 -2.326 1.117 -1.107 1.661 1.531 0.807 0.441 2.190
2.213 -0.488 1.016 -0.273 1.255 -1.830 0.744 -1.082 1.661 1.531 0.807 0.441 2.711
1.251 -0.488 1.016 -0.273 1.255 -2.001 1.117 -1.048 1.661 1.531 0.807 0.178 2.518
0.531 -0.488 1.016 -0.273 1.255 -1.275 1.078 -0.983 1.661 1.531 0.807 0.441 1.149
0.392 -0.488 1.016 -0.273 1.255 -0.814 1.011 -0.888 1.661 1.531 0.807 0.414 0.625
0.198 -0.488 1.016 -0.273 1.255 -0.333 0.495 -0.774 1.661 1.531 0.807 0.238 0.856
0.930 -0.488 1.016 -0.273 1.255 -1.779 1.011 -0.963 1.661 1.531 0.807 0.441 1.826
0.588 -0.488 1.016 -0.273 1.195 -0.131 0.854 -0.953 1.661 1.531 0.807 0.441 0.353
1.137 -0.488 1.016 -0.273 1.195 -0.566 0.929 -0.957 1.661 1.531 0.807 0.441 0.518
0.597 -0.488 1.016 -0.273 1.195 0.266 1.075 -0.984 1.661 1.531 0.807 0.387 0.626
0.265 -0.488 1.016 -0.273 1.195 0.171 0.975 -1.007 1.661 1.531 0.807 0.441 0.942
0.475 -0.488 1.016 -0.273 1.195 -0.766 1.078 -1.028 1.661 1.531 0.807 0.399 1.019
4.047 -0.488 1.016 -0.273 1.195 -1.185 1.117 -1.096 1.661 1.531 0.807 0.441 2.514
0.736 -0.488 1.016 -0.273 1.195 -0.616 0.328 -1.091 1.661 1.531 0.807 -0.203 2.427
2.498 -0.488 1.016 -0.273 1.195 -0.424 1.117 -1.049 1.661 1.531 0.807 0.441 1.979
1.239 -0.488 1.016 -0.273 1.195 0.083 1.117 -1.056 1.661 1.531 0.807 0.441 1.075
0.699 -0.488 1.016 -0.273 1.195 0.170 1.117 -1.025 1.661 1.531 0.807 0.213 1.073
2.469 -0.488 1.016 -0.273 1.195 -1.333 0.975 -0.995 1.661 1.531 0.807 0.441 0.998
4.417 -0.488 1.016 -0.273 1.195 -1.074 0.598 -1.040 1.661 1.531 0.807 -0.298 2.064
7.490 -0.488 1.016 -0.273 1.195 -0.857 1.117 -1.126 1.661 1.531 0.807 0.310 1.448
1.994 -0.488 1.016 -0.273 0.901 -3.058 1.117 -1.244 1.661 1.531 0.807 0.149 1.498
0.973 -0.488 1.016 -0.273 0.901 -0.964 1.117 -1.193 1.661 1.531 0.807 -0.270 -0.073
0.444 -0.488 1.016 -0.273 0.365 -0.951 1.043 -1.113 1.661 1.531 0.807 -0.461 1.927
1.263 -0.488 1.016 -0.273 0.365 0.808 1.117 -1.107 1.661 1.531 0.807 -1.944 0.999
5.536 -0.488 1.016 -0.273 0.365 -0.752 1.117 -1.132 1.661 1.531 0.807 -3.882 -0.356
1.218 -0.488 1.016 -0.273 0.365 0.530 1.117 -1.078 1.661 1.531 0.807 -3.526 1.201
1.772 -0.488 1.016 -0.273 0.365 -2.360 1.117 -1.065 1.661 1.531 0.807 -3.595 3.044
2.918 -0.488 1.016 -0.273 0.365 -1.609 1.117 -1.048 1.661 1.531 0.807 -1.598 1.041
4.908 -0.488 1.016 -0.273 1.195 -2.515 1.117 -1.016 1.661 1.531 0.807 -2.943 3.410
1.687 -0.488 1.016 -0.273 1.074 0.213 1.117 -0.932 1.661 1.531 0.807 -3.612 2.298
0.843 -0.488 1.016 -0.273 1.074 0.709 0.790 -0.939 1.661 1.531 0.807 -3.674 1.841
2.602 -0.488 1.016 -0.273 1.074 -1.397 0.730 -1.021 1.661 1.531 0.807 -2.514 1.961
8.144 -0.488 1.016 -0.273 1.074 -0.467 1.117 -0.947 1.661 1.531 0.807 -3.730 1.117
0.957 -0.488 1.016 -0.273 1.411 0.768 0.282 -0.951 1.661 1.531 0.807 -3.379 1.414
0.873 -0.488 1.016 -0.273 1.411 0.180 1.117 -0.920 1.661 1.531 0.807 -0.416 0.332
0.399 -0.488 1.016 -0.273 1.411 -0.397 0.950 -0.913 1.661 1.531 0.807 -0.402 0.427
0.984 -0.488 1.016 -0.273 0.512 -0.907 0.677 -0.877 1.661 1.531 0.807 -0.714 0.203
0.402 -0.488 1.016 -0.273 0.512 -0.259 0.588 -0.843 1.661 1.531 0.807 -3.883 1.491
0.605 -0.488 1.016 -0.273 0.253 -1.025 0.072 -0.823 1.661 1.531 0.807 -3.871 0.632
1.428 -0.488 1.016 -0.273 1.074 -0.554 0.954 -0.896 1.661 1.531 0.807 -3.826 1.645
1.008 -0.488 1.016 -0.273 0.253 -0.638 -0.316 -0.854 1.661 1.531 0.807 -3.640 0.426
3.967 -0.488 1.016 -0.273 1.074 -0.118 0.360 -0.918 1.661 1.531 0.807 -3.704 0.262
0.439 -0.488 1.016 -0.273 1.074 -0.131 0.339 -0.884 1.661 1.531 0.807 -2.850 1.243
0.669 -0.488 1.016 -0.273 1.074 0.136 0.961 -0.868 1.661 1.531 0.807 -3.245 1.602
0.570 -0.488 1.016 -0.273 0.253 0.090 0.623 -0.828 1.661 1.531 0.807 -2.996 0.699
0.753 -0.488 1.016 -0.273 0.253 0.781 0.915 -0.811 1.661 1.531 0.807 -3.019 0.986
0.332 -0.488 1.016 -0.273 0.253 0.200 0.221 -0.758 1.661 1.531 0.807 -2.837 -0.087
0.231 -0.488 1.016 -0.273 1.367 0.216 0.687 -0.703 1.661 1.531 0.807 -2.812 0.500
1.202 -0.488 1.016 -0.273 1.367 -0.109 0.940 -0.748 1.661 1.531 0.807 -2.807 0.353
0.881 -0.488 1.016 -0.273 1.601 0.491 0.925 -0.794 1.661 1.531 0.807 -2.706 1.488
1.261 -0.488 1.016 -0.273 1.601 0.251 0.879 -0.852 1.661 1.531 0.807 -3.609 0.757
1.349 -0.488 1.016 -0.273 1.601 -0.189 1.117 -0.894 1.661 1.531 0.807 -3.809 1.934
1.174 -0.488 1.016 -0.273 1.601 -0.498 0.687 -0.939 1.661 1.531 0.807 -3.155 2.995
0.675 -0.488 1.016 -0.273 1.601 -0.937 0.901 -0.940 1.661 1.531 0.807 0.441 1.434
2.149 -0.488 1.016 -0.273 1.601 -0.665 0.847 -0.917 1.661 1.531 0.807 0.381 1.326
0.714 -0.488 1.016 -0.273 1.601 0.173 1.018 -0.822 1.661 1.531 0.807 0.321 0.963
0.241 -0.488 1.016 -0.273 1.601 -0.094 1.117 -0.851 1.661 1.531 0.807 0.428 0.552
0.742 -0.488 1.016 -0.273 1.601 0.285 1.117 -0.864 1.661 1.531 0.807 0.330 0.869
1.072 -0.488 1.016 -0.273 1.601 -0.614 0.997 -0.903 1.661 1.531 0.807 -1.274 1.561
-0.340 -0.488 1.016 -0.273 1.601 0.248 0.933 -0.859 1.661 1.531 0.807 -3.439 1.588
0.314 -0.488 1.016 -0.273 1.601 0.080 0.989 -0.819 1.661 1.531 0.807 -0.424 0.720
0.737 -0.488 1.016 -0.273 1.601 -0.048 0.997 -0.759 1.661 1.531 0.807 0.349 0.531
0.668 -0.488 1.016 -0.273 1.367 -0.142 1.071 -0.729 1.661 1.531 0.807 0.441 0.768
0.458 -0.488 1.016 -0.273 1.367 0.189 1.057 -0.765 1.661 1.531 0.807 -0.575 0.933
0.364 -0.488 1.016 -0.273 1.367 0.662 0.854 -0.699 1.661 1.531 0.807 -3.907 0.671
0.215 -0.488 1.016 -0.273 1.367 0.528 1.053 -0.684 1.661 1.531 0.807 -0.015 0.712
0.174 -0.488 1.016 -0.273 1.367 0.018 0.826 -0.678 1.661 1.531 0.807 0.312 0.647
0.542 -0.488 1.016 -0.273 1.367 1.579 1.093 -0.638 1.661 1.531 0.807 0.210 0.573
0.689 -0.488 1.016 -0.273 1.367 0.632 0.908 -0.617 1.661 1.531 0.807 -3.837 0.849
0.135 -0.488 1.016 -0.273 1.367 0.342 0.637 -0.646 1.661 1.531 0.807 -3.352 0.768
0.125 -0.488 1.016 -0.273 1.367 -0.440 0.687 -0.577 1.661 1.531 0.807 -3.796 0.891
0.536 -0.488 1.016 -0.273 1.367 -0.497 0.417 -0.483 1.661 1.531 0.807 -3.872 0.601
0.484 -0.488 1.016 -0.273 1.367 0.023 0.538 -0.481 1.661 1.531 0.807 -0.926 0.501
0.373 -0.488 1.016 -0.273 1.367 -0.290 0.563 -0.512 1.661 1.531 0.807 0.441 0.287
0.142 -0.488 1.016 -0.273 1.367 0.593 0.762 -0.569 1.661 1.531 0.807 -1.112 0.528
0.012 -0.488 1.016 -0.273 1.367 0.130 0.705 -0.584 1.661 1.531 0.807 0.381 0.280
0.356 -0.488 1.016 -0.273 1.367 0.046 0.513 -0.504 1.661 1.531 0.807 0.441 0.187
0.259 -0.488 1.016 -0.273 1.367 0.325 0.758 -0.472 1.661 1.531 0.807 0.407 -0.331
0.494 -0.488 1.016 -0.273 0.866 -0.108 -0.113 -0.395 1.661 1.531 0.807 0.441 0.079
-0.050 -0.488 1.016 -0.273 0.866 -0.749 -0.725 -0.346 1.661 1.531 0.807 -0.244 0.207
0.021 -0.488 1.016 -0.273 0.866 -0.474 0.573 -0.439 1.661 1.531 0.807 -3.669 0.630
0.096 -0.488 1.016 -0.273 0.253 -0.401 0.922 -0.596 1.661 1.531 0.807 -0.278 1.215
1.395 -0.488 1.016 -0.273 0.219 -0.511 0.086 -0.421 1.661 1.531 0.807 0.132 0.768
1.104 -0.488 1.016 -0.273 0.219 -0.814 -0.422 -0.462 1.661 1.531 0.807 0.441 0.295
0.088 -0.488 1.016 -0.273 0.219 -0.168 0.549 -0.362 1.661 1.531 0.807 0.441 0.510
0.052 -0.488 1.016 -0.273 -0.196 -0.079 0.787 -0.331 1.661 1.531 0.807 0.424 0.030
-0.003 -0.488 1.016 -0.273 0.219 0.217 0.228 -0.427 1.661 1.531 0.807 0.402 0.239
0.123 -0.488 1.016 -0.273 0.512 0.991 -0.035 -0.600 1.661 1.531 0.807 0.197 -0.139
0.520 -0.488 1.016 -0.273 0.253 -1.222 0.954 -0.649 1.661 1.531 0.807 -0.045 0.769
0.326 -0.488 1.016 -0.273 0.253 -0.175 1.025 -0.755 1.661 1.531 0.807 -0.591 1.605
0.149 -0.488 1.016 -0.273 0.512 0.284 0.890 -0.708 1.661 1.531 0.807 0.433 0.845
1.331 -0.488 1.016 -0.273 0.512 -1.397 1.021 -0.805 1.661 1.531 0.807 -0.079 1.718
0.773 -0.488 1.016 -0.273 0.512 -0.142 1.000 -0.772 1.661 1.531 0.807 0.252 0.754
1.251 -0.488 1.016 -0.273 0.512 -0.079 0.691 -0.877 1.661 1.531 0.807 0.292 0.064
0.260 -0.488 1.016 -0.273 -0.196 -0.061 -0.138 -0.176 1.661 1.531 0.807 0.441 -0.268
0.246 -0.488 1.016 -0.273 -0.196 0.663 0.225 -0.220 1.661 1.531 0.807 0.399 -0.689
0.249 -0.488 1.016 -0.273 -0.196 1.106 0.300 -0.183 1.661 1.531 0.807 0.423 -0.791
-0.090 -0.488 1.016 -0.273 -0.196 -0.745 -1.005 0.144 1.661 1.531 0.807 0.397 -0.313
-0.141 -0.488 1.016 -0.273 0.245 -0.589 -0.949 -0.034 1.661 1.531 0.807 0.154 0.096
0.009 -0.488 1.016 -0.273 0.245 0.039 -0.593 0.093 1.661 1.531 0.807 0.350 -0.291
0.244 -0.488 1.016 -0.273 0.245 -0.243 0.399 -0.118 1.661 1.531 0.807 0.395 0.326
0.145 -0.488 1.016 -0.273 0.245 -0.541 -0.547 -0.306 1.661 1.531 0.807 0.346 -0.169
-0.401 -0.488 2.423 -0.273 0.469 -1.183 0.858 -0.938 -0.638 1.798 0.760 0.421 0.758
-0.397 -0.488 2.423 -0.273 0.469 -1.240 1.057 -0.970 -0.638 1.798 0.760 -0.138 1.586
-0.394 -0.488 2.423 -0.273 0.469 -1.698 1.046 -0.938 -0.638 1.798 0.760 -0.419 2.387
-0.406 -0.488 2.423 -0.273 0.469 -0.430 1.075 -0.916 -0.638 1.798 0.760 0.367 0.759
-0.405 -0.488 2.423 -0.273 0.469 -0.430 0.531 -0.801 -0.638 1.798 0.760 0.441 0.098
-0.398 -0.488 -0.211 -0.273 0.262 -0.823 -0.518 -0.672 -0.408 -0.102 0.344 0.441 -0.090
-0.386 -0.488 -0.211 -0.273 0.262 -0.511 -0.924 -0.672 -0.408 -0.102 0.344 0.441 0.131
-0.398 -0.488 -0.211 -0.273 0.262 -0.876 -1.414 -0.474 -0.408 -0.102 0.344 0.401 0.693
-0.385 -0.488 -0.211 -0.273 0.262 -1.275 0.154 -0.474 -0.408 -0.102 0.344 0.441 1.190
-0.387 -0.488 -0.211 -0.273 0.262 -0.699 0.072 -0.429 -0.408 -0.102 0.344 0.441 0.203
-0.391 -0.488 -0.211 -0.273 0.262 -0.378 -0.116 -0.659 -0.408 -0.102 0.344 0.441 0.037
-0.398 -0.488 -0.211 -0.273 0.262 -1.020 0.175 -0.663 -0.408 -0.102 0.344 0.429 0.343
-0.392 -0.488 -0.211 -0.273 0.262 -0.367 0.396 -0.616 -0.408 -0.102 0.344 0.441 0.235
-0.411 -0.488 0.116 -0.273 0.158 0.439 0.019 -0.626 -0.983 -0.803 1.176 0.387 -0.418
-0.413 -0.488 0.116 -0.273 0.158 -0.235 0.289 -0.717 -0.983 -0.803 1.176 0.441 -0.501
-0.411 -0.488 0.116 -0.273 0.158 0.985 0.797 -0.774 -0.983 -0.803 1.176 0.441 -0.983
-0.406 -0.488 0.116 -0.273 0.158 0.726 0.737 -0.668 -0.983 -0.803 1.176 0.403 -0.865
-0.413 -0.488 0.116 -0.273 0.158 -0.363 0.435 -0.613 -0.983 -0.803 1.176 0.441 -0.669
